2000
89104460 -60807374
60632762 -66260175
24457520 -86624433
-89305243 37793137
71195619 70402986
61136024 -47576448
-93233667 -82293334
80647270 -28206121
32322437 -51899499
-87065381 52015549
16559002 -49248335
-56131710 75986936
45929000 -74899277
54383066 40047487
83329082 -14628377
-61321788 1472121
74432613 82013117
94773720 -79452897
-87206306 30260715
26126890 -53607567
-12850454 -69943227
55810004 -30125353
40683012 -31717702
-25643770 -44245769
29898835 1085691
14042828 -70606101
-90181006 -20930562
37142150 -11564327
1377539 53698503
74662481 78105292
-31110412 -13587482
40525729 -82814992
-72910813 35377945
25517826 -45254844
-53960325 48416528
-93738144 -65873467
56836184 9671850
86859929 17467938
-59169573 36081072
-89250207 69382692
-46977834 -16832852
-64404879 93662214
40120270 -55013787
-45935616 50939592
-82682647 -12235867
78439850 -90163848
7766162 -11914491
-65429314 66343755
-29349387 76017573
-37310372 -12837190
-92098758 1455066
1455026 -57228819
-322315 -84804252
85402968 -18058433
-44164 60845686
48405323 -98115783
-14691381 12950631
-35858200 -1102078
-5800901 -28007597
38238047 -70166763
-65073221 -11055909
-251979 58133023
-54529645 -55401269
54989241 -72574978
-23963279 76170636
67772179 -30101858
71388003 -15896772
15645969 72029156
56911163 -29156432
87262943 -99201041
-83016768 89918306
-98466255 -59753754
75155671 -26203208
-36474141 13479584
60749368 -538956
51200032 72397183
53320456 35586184
3006061 -10431081
-55680184 46555213
72767787 62526367
-20631078 -13870735
-63853339 34176074
-37475415 13107557
-50034941 35198215
-46801831 -83435533
48672919 38412639
2679977 30661489
55878573 -43238245
52574868 13243588
-91588372 -16242403
60208229 65221848
-43108984 12945668
-10849422 92862034
75700863 82510653
85529521 -33501848
-12073648 73129340
-26881955 52818220
-62942899 82792662
25984491 -37075912
-86775130 37461004
66131223 -35642947
89974880 -43794231
73826052 -16241523
28965526 33144183
72739272 79631112
66300757 -20970688
10238951 1393528
91166295 -57262948
-59126751 4274090
13552083 3555092
76422412 33483985
5667410 -76724554
73210189 58574205
66876583 42807069
-39627566 4250572
35011619 -55646666
-33283843 -99109157
35266026 32621849
-64914731 57563122
70094025 8713326
-81570131 43935231
-27962985 -24515150
70562220 -70006080
-89424714 12375406
35271049 -54277257
-69656299 14165971
46609470 -71149543
19380038 -53471189
-66902725 73111293
-64478543 -95095409
-97595405 65971276
-76245024 -74396231
27981805 -65128843
80642936 -77917545
-75998477 26179538
-4028646 42362877
76121907 -16365546
58285810 24053071
-57653049 80270043
-45974041 11902870
6353136 21054316
-44611990 -77494480
66016503 -76085403
-40233526 56240710
-34673025 -2269969
35803718 73188061
18874874 54993276
1855436 -49736384
-54770703 -26662331
-19629280 64692366
-35293503 -24826519
73569265 26305360
-9197745 -78876533
94966570 59179581
68081608 79607855
46371926 53958425
-49956391 -92770145
54262608 60021204
86938740 -61194871
-30747998 -12078753
-9653605 89552274
92550730 86549253
1396050 -65669305
-10038444 83498553
-66983965 -12427114
-54090844 23955276
-54606817 72303675
-44561331 -9751231
-66373928 22748716
85637094 -58432696
-3316180 -6134748
-42951390 -42706856
87172231 93176678
-59228513 71924256
-84932975 39532968
-99110191 -19859124
-56306257 -40164526
-98334645 -69173386
-32154622 58978533
60051552 85282039
17016977 -42466941
46637670 48882258
-74714296 21549305
67542101 -54761539
-53691590 -805926
61606258 -17722748
29978157 15071838
53760495 -78298189
-45417194 27726115
-15740190 -83632692
18024694 -51375606
21453118 -7432873
-75440621 -32902909
14932050 36679795
58068429 -40001902
65717699 85843277
41186393 -48694989
-61136571 20121431
69323815 15571240
18430988 -91311004
-47409300 -62834782
59581266 46603661
-56874724 -9197098
39022073 -38551344
-59764925 -23310519
-65659581 -87076392
-83832246 -64763689
55429812 -97342622
54574952 -37223044
67846923 20981208
-54183627 -37593707
56065347 -85158187
-87247118 -71764692
29008717 -6923020
16798281 -38551899
70878491 -51865355
-96977735 13372623
-34373648 -34128116
-89745623 -62809618
91616929 -46223025
75847784 -12030820
31558098 40174765
99342587 -71847391
-19113489 4902722
18505102 -88297087
46877848 -46201005
-67712865 -89782983
99461746 66610416
-11290895 46702434
-78367993 345393
5968205 74884720
-60578101 -26504405
72305477 -36545381
-46937299 -63987668
-28202193 -53238776
63992027 -56107006
-50776775 -1639109
-33220529 29757103
62110623 -33785701
-90342384 59336120
-92904982 -6078921
-25129666 -28926098
-16667059 88749946
-33855405 -77588755
93179032 -95209606
-11034738 -10236132
-39491591 75082308
-61514603 -11599690
-60666644 57961302
-4385325 -93407457
55352461 -38854679
74889057 -75849528
77413980 16932467
-14727181 76263450
-6493612 -64450
-4777994 98730191
-85051688 -98843883
-54979066 -30900743
83212352 83480744
-67393493 -11832997
-40732779 -79584789
81179706 -70866747
96739795 -34041063
62056299 62137877
-26418991 16566600
-42928007 -39524456
2021778 -70586987
-67469269 16229476
-33709604 68116262
13505724 26469089
-17379935 61089462
37540772 67503444
-73143306 90016857
-77644083 -50339911
-62839386 -54626490
64655833 46289847
-38688401 69075864
-99038301 -51381115
98482296 -95481381
80133893 76571659
-76145676 31875260
21438929 46555815
-64219093 82319071
-96038845 -69688384
-95893619 81390163
-3270597 16661803
21054412 -79574113
-55512963 -25338385
-65999041 -86014495
3176818 -43596510
-55631842 3341354
26332012 -90315618
-97108911 2826287
43125442 26714591
-51933737 44386378
-16817838 31161407
-62163324 -64916309
49351429 -41058128
6041140 87946979
-18133997 -51586734
4172554 -46266025
91747422 50451232
-161190 -78109147
32378531 6276907
5492684 30057865
58749166 53637450
-5312671 -91607125
-84879446 75803686
62752872 -22473707
46257469 27266589
-7375269 31786418
11756939 -91626572
-7167828 5199310
-75060646 35031219
-35319419 -34853766
29033316 54985625
-50704055 97758318
-61144542 -30830886
10404168 -25325960
55925359 -85088634
84202342 -63594524
-15683465 -63375979
25670648 -7084228
14436503 -58734391
99555942 5000597
51811720 -98730718
47761240 -61041940
43044045 20969445
-76655183 -44815758
-88254245 -9873817
7911058 60178961
-78670402 13386119
-36685229 -17931364
30893670 88228362
-86817599 -93725782
60189478 34919227
-32891175 13849893
59240964 66076606
-84300049 -92120336
66706877 -24040269
-9156163 -92164763
40905873 77840429
95223094 -34475903
99605188 -3290771
-8616441 -34566234
99012732 90082240
33002614 -25245820
-69434004 51260569
65648958 -57929886
28706738 -51381063
-5780302 -73815519
-77455484 -78097295
-23992935 73516467
46735529 26957405
40984601 61303866
-65349034 -28393469
-32899696 -62822363
-84893294 53821907
68882860 -55252212
-84349172 86193838
15072408 22946816
43960517 34057417
-35511993 -12632554
-11586481 -55787667
-18316192 99795222
-16383537 -91361881
34567609 80462979
-68176508 -21552862
90872487 -21869092
78249728 22663835
-82270625 -70236450
-70931513 -92174926
88489321 83131886
67279503 12381007
-32282016 -17649980
-29472962 90733767
43966661 85582003
46782544 -1903635
-66249282 40762726
-63586964 93674604
-52321964 -63352194
24884649 23673271
86651758 68369921
-92040875 56081245
-39615617 67274750
72980890 1295343
5049878 42027849
61546852 -1369439
625788 -71030515
-51445830 93283249
27764265 -47607964
93549949 -82685452
94540535 43465094
-74285013 -18698475
49292862 53029602
32789415 44098386
12395155 28578261
37451337 -43223669
-1225640 -25790704
2995728 6742016
45790913 -83475281
-22309774 4345681
-64336980 -87645502
85363050 74708564
94124373 18563273
28412859 30417151
20756139 3523447
-83389797 5969851
-4312470 -58114650
13706595 -21136327
-10434312 -26072382
-96357706 33455324
92608693 84908596
55956641 56213438
62790215 -33080096
15267081 97051268
32664623 -35150018
-42437304 -9691628
24819317 -70681102
-53245694 -16527870
-86685154 72323622
-66016351 16320953
-39866790 -1011952
-96160087 32139306
-58796639 90751379
6384797 7723654
-50669518 65176151
44449783 23180754
29035279 40007930
-67492652 16175296
-37327655 -54614367
-66165727 -10800585
-2946910 7378706
72174421 -56908550
42133880 93662218
-24297602 -73329087
-57187328 56144945
-33406266 -48695881
-69110813 -76491120
9011001 -85221971
17487005 41027831
-65460674 5603711
-78004230 -84759944
1401591 -76562917
-42097220 -25119151
-51306780 -38904864
-77615300 -39854132
96889401 -81630807
-11501996 94487956
54350860 27948402
46949832 -79547907
-64089287 -25472258
27361322 -76605330
-93295353 76385620
53703569 66180333
-71993384 -11221496
-88452840 -84982462
87632642 36694907
-28718911 6253740
-72298935 97572842
-17890711 926226
-71447208 -29511348
95471541 -46664786
-63322639 20817934
29117277 -30994962
-76316353 60405443
-25546246 66714785
-26650051 37610534
59299355 10739466
5618220 55633720
-77845013 -68963926
-57115763 -20664738
-47661959 93744902
34006620 -93107528
-12578336 3090188
-85840068 12476961
-90219253 -32294863
51003795 -60083777
-89736328 85657831
50548021 -94861558
46022688 -87062015
28706544 -91898949
-16420262 -8478088
76181124 29863732
-10552052 27296789
-26642320 -86363342
-69615331 6564605
21035050 44399059
33029146 -74392682
57004583 -17977403
-85932461 -37221563
61034888 -1166423
-55311215 -20853903
-70258016 53289866
-82277441 24188461
10298152 39257280
55483924 -5082168
56231960 -29016695
-54238668 28538501
65736968 58273770
85478585 38243360
-81799800 -19822616
54960259 48910508
71106653 48389924
76792083 29123450
43738993 -94361115
58447840 -67236092
-30380959 5749002
-80462742 4246335
-49115098 -16597066
22783561 -69166035
-99549072 67433413
-70847779 -56209364
47883689 9590642
-68210506 -13062607
-73469330 -93187793
68665924 79216092
76630117 94942423
-94599541 52081459
46212505 -88619431
78895981 -66049190
-54419358 91825574
52976753 -71870283
-14744164 39547603
66865711 41259131
95307476 -73629193
-73789224 20975009
33558322 -1735509
-15176522 -83572657
-64556753 -27563316
77848402 -62790633
-14866215 -38783132
-63328366 -33837885
45014507 6356310
-94883876 49382387
44529654 11318434
-18727553 -80770225
98181337 28504945
38916657 38826987
9288342 28759058
-90891099 -98903545
60762647 95739826
60943997 69121269
-59930804 34657643
54106303 9901688
-43301512 29555415
37535010 19103455
-17054162 98153618
3478615 61203315
-61338664 -95036029
-70056817 -69685682
-6398906 5738317
-61565246 88954506
11839252 -79346876
81169777 95038277
35111285 -48942957
85036034 -89351895
96586028 16006509
-6062854 -61367611
-79580411 92178860
-90104487 94831270
20170409 -55213085
-87891485 -81885645
-5423022 31555308
-58711116 16464360
-86675105 -83153688
-20603566 9405764
56341855 73814850
-31731219 -87882497
45590041 45667811
-89963947 -44943280
-49523160 -59650223
54941151 17910578
-20162057 -63835651
-49712459 23701565
-71289169 -77446430
58998814 26294329
-38727847 49528923
76455671 -38159831
-71842135 -32438285
75813608 -2742896
8999617 25892097
21884102 34930247
71228974 57570922
32538943 -77801838
6799592 -96781480
382025 -67386566
42489528 35542343
-44526811 -15314463
-38376078 -46741278
-49087177 84921647
79700624 57494268
-4282469 58323307
-92235704 -47720491
-27055115 -11998237
18741905 -39284821
-59365909 -45845179
99357262 -75506984
-50206630 -23719812
-87782398 -56705636
109542 2412467
5976456 -72177226
-89533780 91831687
53551853 46215449
-98675929 99014257
-77731851 -2243988
-3514478 -23867542
73993939 33084170
90149317 32707237
-50344598 52477362
-18914537 48469065
88952873 87131101
54646662 -89487921
-40570153 -33129121
-40608757 67107977
-9801238 -21062050
-98745203 65896334
76677709 99694744
-69545335 -69486001
89132347 -52544703
-13185415 -94525164
83948455 -18699585
6086539 -91874435
773915 1421990
-2504592 -19735203
99722351 30491581
-91649978 97820081
4170711 -56752552
-99156871 79183716
49170005 -1795262
-96654148 -62231505
95337489 -14900653
-15454260 54433376
-49271359 -39455067
62590929 -17693704
61207030 -80635742
-74063615 83297465
97092091 79018641
16464570 -89189651
-35566821 22426174
21825488 -49995800
-44043229 -28043265
29833391 -2266886
-86332377 36733793
44255422 33843222
74728662 -36559627
-32809297 98664756
-44393246 75853808
94691850 -85139354
-18422335 21560617
-37749673 -49624569
-69347948 68932377
-58455351 -187207
26384655 -3633576
-28303286 8317814
92136813 78867548
88946394 5572716
-11760565 -86038250
-62644732 -62126262
97869144 16138877
-4437928 -91079629
18100293 -42295500
-77930035 -45174808
56257129 -95491604
-80008542 94222134
-89845598 1436920
41990873 -55194915
-98501906 23568605
-28326294 -81366205
-38589496 33882622
58725901 87098547
4498665 5133679
-763229 -24509125
-38691908 -31220504
-92266665 -78808263
-19695731 93853652
26890782 -55942801
-26438259 21812491
80243653 47403615
53137510 98363844
-95093562 43961111
92986609 87066473
25308807 -83791204
58568523 -12389362
-9287561 8135296
95183774 27542848
-79244806 56253419
35777542 24945197
-76633450 -39606617
-90296907 13472935
47974615 69088612
19553398 -4294005
-31621832 -41953622
-10800871 -68304531
-78923138 99732828
22356063 45805575
39923587 8041480
-64179633 -98517966
-9613062 -32253039
-95506775 53553794
55001839 -15260797
-80214386 -46777277
-88236600 -79656769
58024688 49080218
-45063527 39502341
-10248326 -28344516
-27999317 26051996
-52477015 62574937
73284463 10728759
95404878 28287313
36184885 69993133
12202137 20312829
47568086 -40190463
57668454 -80685745
-24469594 -29996078
81257689 44203794
92780575 -67449343
66325321 56554601
-48804577 -68435026
-18415369 44649799
58018695 14083295
-39970508 -65506886
21046509 50069012
-307109 93042045
-87877221 83565422
-90465935 -21904981
2198091 -81545760
-32714930 -60598654
-17819688 -61344572
-39048379 45907324
40367383 79611696
75679394 26480120
68842215 54355104
-2662443 -88833326
99388503 9325479
77480968 63073384
-74524981 36073424
60243065 -97577201
-17358215 -27211381
-27733899 69459118
-19385104 -11030673
60255347 10913681
39586870 -60299132
-54594496 -3709189
16752479 83677565
95894548 72508268
-86387348 -52497216
31484910 41132039
-44865629 -45442482
56243997 -12735976
99625991 -77187127
-90193544 83476072
38551183 45462938
27247075 4365400
34338363 45427478
24294494 3128576
43339051 -34092820
59174631 -50663939
-70962053 -27031522
-20705315 -71070917
-75671289 -28529962
-39708488 -28762475
-42199912 -84619665
-60065951 -29300205
-40291237 92645852
66855519 26136607
-3644661 65170225
-46122762 78776439
-48775171 86198629
-10773215 -81989187
45389107 -74368286
37539834 80355327
-43119663 -45297212
44449293 12780581
-47545633 2290110
39165737 -47903581
27760272 -21219621
-5869231 41628903
41522930 22599731
-30553978 90438774
41005353 -27855296
95347291 93027846
19258087 2082794
41209986 -65133446
63134253 5818279
-44677225 -74954966
-11353647 -76746088
28865542 -74813979
-99689648 -655693
72400227 -52161840
7497292 67651452
59800333 -3178089
-31742252 59137697
46835390 58326186
-68264435 57695090
72697962 -77490058
2471245 35564286
-45677982 -47753840
-56780339 -15257484
5820073 9652699
-58199735 -79189226
-34795904 37461920
91901091 77622226
74886504 -37653254
26510279 -90304986
67318502 58077639
62091541 27971591
-50801069 -70247568
13946554 -61341534
23451462 51783880
-87495269 -23261599
-82857978 -3416252
-47947398 30829017
56063752 18167181
57044207 -39814611
-45498900 77540375
3979255 40972463
98662680 -43060845
84343301 64611920
-82745974 -69694100
-40125445 90456662
2505065 -99658886
-6357464 -35266856
85667904 92375502
-93121361 -87915774
-38932504 89106312
-63608857 -72000888
24494265 -6292467
60575929 93769032
77523168 61750511
67235191 3494415
-76629777 28267137
-32746370 -46145703
-26127037 -99504898
86247278 -99653960
-51655596 51243583
-40795992 -32519543
-89833777 51864333
56516537 32178366
41401099 45365550
-66630171 -36559127
-1417361 81597217
47939038 53518377
-63747669 50445463
64425232 -21978734
-6583251 -45911359
73211241 58528178
19370913 26547648
36383460 -5784280
-61094060 -5272701
-12220400 -90270866
9440643 -48436249
65207730 -40767042
83071496 65923372
-32269906 57368914
31784402 -93083864
-79034267 33294712
30789404 -1251162
18164851 53277834
62750743 11213218
60611613 9161375
70954386 87011780
33542812 17661998
-68430726 1060231
-3411345 66336671
85137163 -6841731
18198167 -47531541
-67887792 -25263003
24628665 94993261
33383046 -43271830
16731676 -40939426
15276780 35972328
8120971 76895307
-656358 -91369121
-67891098 -20005041
7043709 -76021769
-39220788 -19251154
76968285 85123817
-56811195 83423957
-31883324 -23593741
-52037079 -31709204
-92577138 -34905119
-49555920 81677901
44752233 -57854047
82287951 19520729
5223721 -83118908
30740381 11741996
92556402 49149433
-49424490 46449619
-55597727 66157598
27652157 23349090
4826760 34927359
82630839 49671538
-43025535 -29741190
95470773 45027891
7720811 -99484277
63909137 86398425
-33432837 38290071
-16059668 -82052542
21043701 55250615
-552641 14284888
64094765 46419763
-44582397 -62141242
54065438 8075371
22060290 -34443165
-35822292 67899178
64604528 13819028
-34120731 64310081
51749226 46670871
-58091595 -90357701
92068786 -67613199
-25089336 20696272
-95278616 49630695
-23521048 -50489631
14969594 -95399800
-11935608 26503230
-870588 -87731449
29931278 13034463
-14332104 57053797
-82277874 39629760
-37296151 22682282
-97575967 -60184703
48811498 -52195540
2712318 18039688
56097824 93135149
-7922467 -14033190
-19297089 93974355
-25117782 -66696099
29778800 -87279274
63424787 59087736
86237042 277391
72326043 24054638
69773333 -2221421
-20018060 -64366221
16716646 16338567
-33859375 -27729232
66680740 13932119
49747672 59332576
18365335 -55203448
-28007222 -3773166
10666539 69469451
-83456319 -9289438
-9926091 -28066677
47570146 -3758476
36442175 90660486
93096329 -36220227
-27620461 47244039
-46811164 -79554840
9888936 -3721513
-13910496 26639404
-13846163 -27189165
-39072671 16023476
-48028263 -66814187
47289800 -72592596
-33717147 49052699
1875316 -1838286
5559589 -89014532
74405495 -61620762
31485193 -57135685
-84635700 78899738
-15609558 80295038
25589013 -62422357
-68805448 -48387905
4567047 -18779131
-946885 -18197748
93553025 -58849442
-46955712 -79396467
-70967834 -34624201
-55919262 -32867715
-47904611 -36754840
-98321963 -56016563
88328291 -80318885
-64442045 67926152
-82443221 -83999141
-1056551 -57275339
96021708 48016022
-33633595 -27824622
64140032 94774915
-5085778 -8054722
-99823437 -59098106
-73140076 -80568911
-49688088 26651611
-61594298 98649888
30172515 3867466
64464802 97847766
96608474 3699545
-33526635 -96134918
-88713728 23602247
-8673541 -33757564
91230746 -78976605
-57660787 -81087560
-72122209 82960258
56710695 58901234
52469822 -30266068
92908935 -53205741
-44796375 17032418
-59997331 77613676
49247127 -50280778
-44397235 65280238
90047592 -94443612
81114970 59033228
-90216906 31300206
-40327596 21773649
-20716381 -47072352
99275099 81278840
29416982 28266927
-16332528 5988107
-5944336 -99651063
-25740093 -95122493
45808565 -18901310
-93068997 -6226981
-30791573 -58676698
9759534 55754925
-26472554 91607265
-47565028 -55419845
20282165 -90957089
-8860632 94579705
54152300 -82783716
-89156268 -68179366
-52702636 94197568
-43772237 -5875781
92313169 84684728
21929222 48864677
-34347421 -96993465
3776713 84852476
-4763802 -74564853
-59903754 -295561
-95706470 -17917744
36682814 -70822557
-53952031 528553
46139352 -73947325
-46419571 -25223092
70250114 17889665
8858977 -59876865
-78169859 -62617854
-99079774 -20429866
88561577 -77615224
-15914934 62808925
52886933 27653634
17025759 8306054
-27413017 74074206
-1600451 12831766
-16484933 25946510
18500777 26841251
-45396104 -10572533
-88053607 37325565
-12848663 13481640
56275622 97656527
2731318 -20332469
39680764 69807116
-39394195 -95502484
-42180848 94825036
-1153210 -31477126
-57813574 -44131054
-68182229 -62577419
-36668701 -97128818
-22706434 -45924727
58650318 -59275548
-14365108 26171113
-79434578 16987194
54495198 29344540
17848934 45289505
40422925 -9955731
336557 20382730
57508772 389343
-29212381 -55933498
40809829 -22413091
95767338 -41166148
62336807 65571146
41525778 -91758639
57077931 -91357956
75021267 46605894
54306012 -57256643
25582268 71477320
-31435921 2958445
81684122 -65547833
3811785 25386801
-40087702 -80779794
-66934590 89552564
68865264 37477057
-54789383 98667916
-77726960 84247137
-16597598 -89533855
-13580620 -65253638
-69780457 -26757348
-35065541 3086880
-36850254 28613531
60323044 41925872
20520298 -43613373
34102416 -15559068
-47121177 18770157
95146228 27540336
72381022 -73207240
-72981806 -84592661
-89722487 -75062240
-91760274 65916518
-5630019 65977385
-90934483 82872783
97271246 25569930
-6116378 2329185
35919018 -45693266
-17229728 79103193
72163942 -31960714
71435565 -67139309
-67835101 -73630651
-99000185 43541020
-4697943 -40983530
13497125 1746233
61271803 -44506214
-85169374 -53617120
-40730732 -54628477
-88386236 9202123
-72926456 -68353401
-5217062 -55987643
-96972107 62440671
-72342159 65014864
-15314260 -9487664
-38714549 -71663946
-38784944 34659407
-19788471 40751421
27389422 59853575
49702847 -59504946
-18302069 -21478298
26465543 28254606
12757209 -10003800
92463289 -26722660
34524432 -33430281
66434759 -89809531
40511092 -16637681
-79128221 45533789
-24914433 94274766
78546532 87771223
37294848 -60730606
-27879797 15021500
41385602 18738247
67316607 34272872
24505682 -53349615
87262050 18273224
74397818 -8025816
-61014206 18746183
12228822 72251765
9707331 39327
7011337 85475619
52872026 67843783
79027093 -99178326
60698405 86977174
-29819360 -65864017
-25997245 45541022
6166734 -55356493
49303320 -91782601
64720865 -76006890
62258850 84629366
-27515355 44044307
-91133107 99402608
-78773514 -14487004
34396996 -33402162
-97025190 71334963
32983902 59127899
59820097 89611798
-98995218 11991028
71675320 -32746758
3135424 74192174
-59975177 -47038656
-53492152 90489730
22735039 -9032266
95173010 56988216
-29060121 -56542574
-31365187 3457361
93531169 -97485106
-59582477 -36749436
-17079064 -78840985
-60631202 -72673922
-67398469 77746954
7106895 -13049786
17143762 90198428
-65485492 -30320497
-7445500 38753805
-64696656 -8303263
-8779634 36434458
44301268 95879094
-92036294 -70114700
-11542284 17801591
49936598 23765679
-16032990 11624620
70832172 -63387621
-18182335 -48745324
-38159076 -3337105
-33182672 90727653
-3980151 78531712
-85373486 66910420
-69111300 -76667498
87760818 -38450180
33487025 80547535
-51000495 -72447411
92013504 11234333
96856817 77274577
88574359 65344155
-60176751 8236291
43581237 36509674
-25660260 29031251
94996480 -13226055
-37609590 49518531
-84514494 -93735146
-65279614 -10065395
-34792979 -12595748
43209352 -6455638
62588323 56562639
-97132814 -82396427
91289448 65235185
-11239834 -93973892
17711188 -68311758
20063509 -70600275
-71990054 61673661
-40783335 552428
-6611218 50480674
-3737176 61188738
-5985612 -6058789
-35594017 22820681
-10230498 -46095652
-35183104 3245532
68700161 -1996614
76123880 82392652
-94715794 90768752
38631954 -75107023
-41564638 -23620126
-84726799 15164157
87178430 12631570
53326888 53228897
78680214 -81983872
-14741712 64762119
-65597606 58260183
31086296 76063325
-43348865 59348213
-25718998 -56236379
97764170 76334772
71366623 77824293
5564337 -33033460
96459668 -88372827
99237496 -69730244
19070260 -4933600
95058954 -47871271
-59015230 21474181
-85079492 -26305899
60785799 -34384811
89625271 11868878
-60022221 32783880
10867996 42559734
-83991999 -21311731
9799431 17244396
-92450577 5805539
-67046598 92393710
10210676 51797295
-2934829 -15714530
-2706437 -70023438
52672331 46165309
20888661 -67333443
-33349116 8825641
-42734134 84535723
46759298 55454781
68312684 -64573606
13252726 -61159170
-8188047 83227145
99138505 -70832079
-12510852 -68159178
24860143 -69198811
-4621381 50812197
-51260543 68924754
-77181162 26406605
74158792 7818242
-7459703 -35351314
-94600251 -10746320
-62307269 -98855992
-74258110 67614473
-96775192 46340063
-49281446 -43465980
12214328 -7377965
42426517 -23393963
80460677 -48924243
18521357 -82081363
-36240331 52461526
-96376009 -59923221
-64087632 43144126
30249514 34539059
-52770505 -20505090
6922602 38411957
-76355896 49751244
-95562226 24543859
-5695775 -97398455
-42362495 -44471447
39310767 16633631
-40759452 -60998275
-64212754 -42137825
68882314 1670822
22852502 -16413506
69809201 -86299515
-19379869 22497727
-91628173 -50416039
-68311990 23504038
-59338841 -10114905
6285278 -17772399
-46175277 73565032
49712119 29510497
-78248945 -71831211
-83231206 26875926
-53681171 -73381436
38632255 -47109461
41637987 -80133723
-87312939 -77044185
55767393 -24958925
92733367 82935511
-53210896 8375638
45453747 27278833
20209804 -26880806
-16408432 -99993406
32415759 -38862899
4636611 77193085
-31699211 317908
64392385 80674806
60429241 -47095460
-43701953 85765908
-75256046 53213508
-26698597 76801195
62993808 -69035406
-44540674 -32141877
-55123762 -57002995
93316729 87546539
-26211519 -41985789
23766541 10447097
69487515 -65915113
-17519302 -69390206
-76913119 -84843755
61013017 29495699
784687 14431573
-52302962 12766988
69759387 94060750
-13005400 -84472532
6072037 -80407460
-36012452 52109511
-85820271 24857604
16509543 -58229044
-35955173 -22131540
-27203485 15747418
64712265 -55435555
55474441 63472169
51753273 -4101495
-88665243 -16244506
-22207537 80851197
-99199490 50418666
95404664 -41162643
-31349022 60687376
-17937833 -75853137
94170817 -66369821
-27511548 -27164269
-19191940 -4994175
-87982054 68402398
-7399610 -6625189
45670892 31282031
-95799535 98566244
-39224121 65323019
15309692 86334751
-19604167 -37514053
39978741 6210433
-50727154 33919151
9532008 -74507289
-9902501 -12469367
-62475512 -48971503
-2348062 5835156
58786054 70354054
-53439932 72827957
38931654 96604214
-32110124 8730378
-72488452 80483979
-59721243 72294239
-36681341 -6747898
71391339 -34612363
55321180 52014105
-34559436 74691822
-56686894 -514923
72949182 61527004
-34196752 -88179668
-20984738 11632566
59651331 82725884
-46634806 97812021
11592171 -19759253
25723042 -21498325
-58758292 -85010746
-77344703 -28533948
-49815693 43572941
32473064 30522363
-38295401 53394498
-90294595 45481936
-52553071 75608929
-3209105 -53172049
-75266839 58168349
12193860 95104310
67513602 -29043183
26809839 -86236812
-35233617 9242927
-51936284 80251980
-96577382 79895372
-66822771 -48758642
-88824783 21835036
-50165117 42824038
-64212537 -42498971
90683723 9575487
60708239 88140170
-39533353 -32943253
-23336307 28260560
-89851225 89533240
96405605 26237533
-38371056 -13735340
-38172282 -63689444
26772500 63688682
14832714 -95341962
-37039786 -34965831
-86482088 43902922
52971753 49713086
-99003791 -15831298
-48584826 -71205873
55323065 1508783
71582067 -2386029
11142868 -87314345
26617685 25199732
-88650417 -34370195
-59898190 56102992
20217191 -47696278
-81968234 -85860740
30690682 8849758
-67660363 3173424
50268917 -89953776
23620309 35954243
86444603 47410790
-16501486 -36058158
73171223 -97007790
-75370211 14888832
85717081 -99228654
-82456241 -80614869
-32253708 -30287525
-4783 -5540128
17581857 52828450
-33738785 44000138
-47954995 71953588
-14160648 26910022
-69164625 -43611491
-25184794 83743359
81288613 68056173
-80129376 -76602672
-73497209 73840805
30219945 -91637818
3276696 -33611526
73059525 -62604111
1530011 8976500
-43655123 23754385
-9921439 52713755
-84527229 -42518659
56109037 99571403
94621769 -18150372
37532047 -92812058
12415527 -70880762
52182365 44904269
82629293 45510554
13084602 -88236909
58518304 37883618
-2863555 16560901
-75522957 69940523
95685099 38552883
68396804 1389722
-72085718 72109396
-86804334 67257027
88453746 -51703304
41600042 92628729
-8355441 73845385
-54828611 -28188886
17289582 -3866135
-22815812 -18378712
1845935 -66506795
-2150029 -75860335
-65807837 75225169
50996976 65587785
-63559422 52193340
-55809768 -15418572
1679644 -46286348
22332862 31698287
-2348520 75247274
-32549534 -65597156
46517990 92380468
48177963 -19786178
-17334621 -27109557
-84527310 -33171944
46461581 -97382159
-68578768 -29204953
89462520 -84215727
65623509 78421390
-6607906 32539419
-4338609 -1853827
26307005 89852061
-12420015 -45096163
-67785970 -18921715
99554331 -77021421
70603446 7490459
66285143 -18703577
-2894066 57460796
-93766003 38012981
-61303094 -86646383
-33236490 -74951532
-96535084 -81151454
29110073 -19483810
8700736 -76306160
-63526594 9562112
-63460492 -56183184
-63759361 -7923037
71689085 -93845881
89049512 -30363214
-43166774 86130623
76096970 64506358
69873038 -75537173
51831404 87582777
-98409922 -98797157
85474186 69144873
-27942914 -63118126
60385761 2214321
-23985028 24694935
7195670 13673188
-66197888 65492042
-56920140 -95002808
-10294486 -22746612
33863305 4375055
-4355644 2819568
-34802185 -79229998
-63177447 44948135
53203586 -72128298
-31366205 54829119
-56521889 94154521
-95419509 -31379043
-55695784 -89311756
58552351 -51291416
-98267773 -6392011
26618502 84204541
-69461145 87916065
65481281 -19496427
28351759 26394033
93375722 -77399621
-2104232 -15903485
92994461 9486716
31342126 83159766
38790450 40713035
-57324852 -36873209
-64447015 2356882
-65528641 11811284
36381236 42929686
67573011 92066303
61938647 -20117247
-62832343 89892222
11692222 -89840524
51974728 16179254
-33130044 99177355
-51876351 -96577616
6214985 -91966571
27343248 52128612
-31163792 -69460537
-2080566 -27535750
45166182 -82491051
-2694543 83430562
-55082247 -32522671
85330265 -55112777
79175857 96759117
-25669110 29982569
85467163 41038227
34750828 64276866
10417309 -83915672
30233444 88849819
-6820693 -72272147
26800587 46361134
-9315360 -53588776
34641060 -85720403
60728061 12805255
-36249521 -32582471
3427512 -29560776
-85022316 -34339264
17268463 63227411
3773582 31677996
15973385 81486134
-64650057 -98271962
-98822986 -90053917
76074834 90168429
26016665 64191676
56406837 13819480
-25646020 51325889
3608047 -56077532
-84663406 -34275760
84143401 4463044
59043076 -45965515
9546081 46783993
71817458 -42076150
68433672 -70690858
-11969696 -83984252
-40887995 96960021
-77708465 -47674746
6919193 -95331247
-96413717 57202177
64307653 -31983145
-44282127 -1052171
14995856 94557013
-12192411 19096761
43788759 9675635
-13628722 15474333
-10369753 83237831
38874911 74525830
18408279 59806102
62446415 -91999609
-41760729 -29261023
-28901232 32735000
5204837 -81910827
-21680711 -65742651
61822391 -66827627
-63335340 42887556
-98254634 -7901275
-74835346 10361672
55396587 -98877748
84103810 90307839
-4853545 -22217391
8591739 -45692603
-21450880 -541531
-2307974 -56229850
85462402 93144590
94700147 -21322504
-29529696 94414024
96157714 -3723921
77388479 79004626
32978047 50396030
-49786830 -4781017
-36577581 -50373499
92747106 88036737
21631219 55903032
42141083 14860538
-16420609 -66825925
66592317 32070843
44927478 34004310
22133427 -93785976
40304810 31005686
41736465 69438112
-14445937 34972980
39508632 -75957837
43650463 21554823
11253321 -66398007
-80089178 -11839396
-97731305 -90947449
-5964528 -31343834
60712720 31721656
-29810500 -67258791
-53386968 -79528598
163575 -89387323
48372679 -19048371
-22148620 -90925236
-59266370 23409202
-13575080 410120
-67473411 -25556418
30866198 -83521067
-39059828 -90572389
54563211 11858553
47374156 -3425732
-23095077 -4883241
53587156 -25520666
67884283 -47549284
-68065230 -85809991
12590639 -66379021
96554837 7289205
78300953 30669174
56058929 -64072828
41427910 -26210947
-96188834 89890206
-80533274 -60798390
-77595567 77240925
-74282035 60165429
-10658480 33131266
-66656680 -51375098
-55307635 49419454
82579302 18285663
62471748 -89113294
-22109119 49187236
-39995718 -34460882
-34533938 -39076137
-88658542 39195860
-48739033 -11640473
93708277 95738558
31893453 -50105348
91220798 31143794
11424595 -59152999
-33044698 -33314649
-40470135 38253381
-46622681 -11951388
-15309289 3439518
85000991 -2909280
60298939 -53545197
-43425851 -26334095
82697865 69578090
75212776 5570141
89615846 -58799011
73848950 -32162717
-93360876 -68200387
41032752 18755322
44475243 -32589373
-78116650 -46020187
-49747316 -39369954
55327545 1183648
-36521524 27982196
80866826 8537064
47024927 -99272833
-89635502 -18741809
-22087827 53355786
-13240711 43109912
-7853030 83016807
82505981 40227442
62226644 -24481459
-18060843 17980528
270618 3327607
47738404 40842284
-75026504 -12680115
71443111 75797225
59464154 -53742449
19949993 -95634716
53347734 -69200782
59607850 61287533
-37315361 -91882200
24944796 -36612079
-89270617 -11721149
-71284140 -1378285
54674110 33423456
62678697 -99581282
78540290 -81539404
-83540567 -50329549
-43934145 45847229
-51793592 48204806
-63449608 -88556614
86096835 -69144740
51468504 -9236354
25646453 9609898
-44072217 -92784637
-53953359 32655757
-35269352 -57462482
84443941 27902799
-87772682 -64212751
-18246076 -38258092
-5155015 78090212
-15217088 -14807043
-14037098 1824730
59591661 33458262
79387569 6348915
-73034973 91042154
95260107 -96431985
69502690 86523400
-12907185 -76247965
26071099 17817110
86077939 77800255
71682787 -40326356
-94443833 26968392
1187503 -43831298
-433026 -47766032
-54929952 -96896907
-60024926 -43373659
-46162028 15040985
46538699 -86564582
-42155288 7534695
-46546512 95884027
47873816 45306965
68761650 -61225934
90110043 -25048537
-27550048 37671803
64668960 -60173996
-52261780 -56153352
-75675246 -22478483
-78679994 -91959242
83806381 11658615
-45687926 48137559
-32923805 -34366211
-82735937 -27349809
16678644 -87304909
-2980504 83426787
24545306 -94488824
28151548 75779404
-86508500 29936572
60122221 13351689
-98482662 -11016999
-30302585 15140633
31022242 -9702110
-90636175 63461063
29553417 27349535
-4547346 64977963
86128556 63664265
-54205992 -75059906
-89558436 -26060707
52966844 26676937
-24619904 -22725801
26357080 7757764
-84353316 -49068618
58065889 69857495
51052820 -4923308
-66010198 -31626792
48331822 79870199
55023371 95083912
18990728 -13259821
55435231 54900555
58060639 63868899
95986617 -45599476
59123764 -1358112
91440833 -43129558
41090932 74324450
-83231006 -48841460
-11809415 78783016
90844554 -83389839
-54833523 5213986
70439692 32417920
99208888 -252352
27064886 98038976
-4175956 -76434463
38457470 -11391942
-20020395 62000811
85117584 20291669
-42141764 -46137126
69433646 -87405333
37364623 69539302
-63917032 74738719
-87484927 -39070950
-2901151 -24940571
-30533206 -6299017
58402439 81878795
-37723964 68986982
35911642 61331981
5065254 -93542893
-38712991 6531506
35605600 54459354
-9123885 -80357079
41873328 -92242924
-21693441 22777299
71302055 8877088
38649945 61859279
-88262290 -24673307
13274293 -42180083
-53520751 94646747
-7308734 73532706
19465871 76871350
80731883 62234598
88544081 42518271
-98495673 68278435
-83542081 -32031570
77058071 12511539
-28530620 95290004
-13456568 17227672
85981618 4169700
-31312341 47831819
-61323558 -12064611
64708195 -53387777
93654890 -26137631
98841978 -9895123
-48512628 -41469564
62089091 7427022
-17971802 99144885
86450923 58764126
44986293 83009851
-49296625 66235486
6475150 -58921765
77825795 33469223
3157575 -21744183
65410621 87709780
88824159 -246945
-79072361 22523119
15158570 35727866
74864888 41961716
61167776 -56399461
-77938801 -79134364
5161370 -43149562
-10548121 30856433
76889213 55120855
-80863832 -32121266
99018145 2408442
-21813076 -37970732
-73610194 -2239523
55351107 -76406569
92953180 -59898345
-98994991 94902283
28272402 -68944805
-38168093 26785220
-98254708 66900564
67291491 20417792
-17612579 -16466647
-12290047 700660
-59275774 25464263
78288221 -70024789
79114962 3829514
-20917776 -16917414
6039430 514239
-44670066 -24444683
-63866117 55819476
-12307835 -22161052
2430621 25334327
-2162038 -6553605
-98096206 -37886777
-41453618 21829576
-406203 88727779
-19569700 66670995
44966843 -17629964
53538869 -73684722
-62238324 -7424869
-18076943 74613499
-13296103 6476658
14945266 -97675459
36934556 37201239
-75016914 -33474379
-73093537 -55217565
-85512958 -16677445
37545938 -78210035
62005525 61515190
-62670483 59542536
-72518663 94535689
-59626764 93177334
99086951 -71690259
-15919063 98270595
59144177 42663120
-63326253 27166565
83260126 24101638
-48115592 -32147952
94245968 -19009341
-98038318 -94776452
84658407 -99851134
-20767670 31394912
12460500 -10816492
-64139643 42734161
15776913 51360147
-90502588 17681496
-38195925 -28927713
21447613 -50977568
-54086456 -5282597
-48979557 -64482275
29078747 -10412852
-81050452 10344615
-43389233 53669659
-99234558 -69274893
-38239628 -70652337
6055300 58926127
49543524 -58965631
23070022 44940374
-73681505 980065
90243599 -26055812
-95974681 94597467
-92342880 41687334
96225496 87813920
-55985939 -96216473
33601616 -69397785
-40868352 63918473
-52273072 8828841
33878280 85951468
3230523 26062290
-82070913 44003230
72040993 67065657
73181851 77088142
34181625 3278824
62587822 47393419
38497307 -87059973
77989790 -51573688
-82684864 -62615844
-68629906 -26574018
-76693250 -26750703
-63335215 -99428571
-20427323 3677287
-68606417 -84651401
88579921 48292193
88436570 84103988
89303967 74675542
28807611 -57980963
-63758750 74504091
-83379509 -6170506
-91526967 -71269529
95796742 -83970101
-43538736 -85985008
95984922 81276274
18065190 -96374945
-21513613 55000854
-41531096 -78472818
44977929 -90347539
10549466 -60642552
47514939 80596504
90035768 -32597991
43350596 -13343347
34359902 -68102660
-96293657 41532029
-77818471 -54295917
-2488832 -83983674
27130270 -23974643
-31657985 -1291832
43130843 -62611684
-7814128 60491158
53184676 47756040
-67081054 -70241042
-70692533 52576470
-84181805 39055608
96367924 22618124
62243831 1855686
-19835129 -93050734
7659597 -90630047
-20159631 51162703